V1: 0.679246480753718
V2: 0.6941072266034587
V3: 0.6860554708113187
V4: 0.7267612971997981
LOC: 0.72707192762558
EBA: 0.7753271615912274
FFA: 0.7874245559812036
STS: 0.585703233063943
PPA: 0.6006491534558982
score: 0.6958162785651274
